grad =

   0.043204
   0.000000
   0.000000
   0.000000
  -0.000000
  -0.000003
  -0.000006
   0.000030
   0.000028
   0.000011
   0.000010
   0.000002
   0.000005
   0.000018
   0.000015
   0.000032
   0.000036
   0.000012
   0.000000
  -0.000000
   0.000000
   0.000000
  -0.000000
  -0.000001
   0.000015
   0.000041
   0.000075
   0.000147
   0.000177
   0.000159
   0.000074
   0.000006
  -0.000083
  -0.000177
  -0.000038
  -0.000139
  -0.000205
  -0.000042
   0.000032
   0.000003
  -0.000001
  -0.000000
   0.000001
   0.000008
  -0.000158
  -0.000642
  -0.000821
  -0.000226
   0.000538
   0.000678
   0.000362
   0.000253
  -0.000166
  -0.001329
  -0.003183
  -0.004419
  -0.003548
  -0.001565
  -0.000486
  -0.000011
   0.000005
  -0.000000
   0.000008
   0.000013
  -0.000792
  -0.002483
  -0.002766
  -0.000635
   0.002060
   0.002821
   0.002931
   0.003312
   0.003211
   0.000389
  -0.006277
  -0.012711
  -0.012136
  -0.006412
  -0.001974
   0.000009
   0.000042
  -0.000000
   0.000015
   0.000011
  -0.001849
  -0.006068
  -0.005963
  -0.000124
   0.005510
   0.008327
   0.009996
   0.011380
   0.012036
   0.009327
  -0.000327
  -0.013624
  -0.019635
  -0.013452
  -0.003747
   0.000310
   0.000182
   0.000003
   0.000059
   0.000063
  -0.004045
  -0.012567
  -0.009410
   0.004499
   0.014951
   0.019278
   0.020180
   0.020701
   0.021048
   0.017939
   0.008840
  -0.005844
  -0.021941
  -0.020298
  -0.005940
   0.001511
   0.000465
   0.000007
   0.000138
   0.000263
  -0.006763
  -0.018966
  -0.010920
   0.012870
   0.027778
   0.029950
   0.024934
   0.021347
   0.025401
   0.024337
   0.019143
   0.008779
  -0.014445
  -0.022023
  -0.006083
   0.003253
   0.000684
  -0.000001
   0.000297
   0.000274
  -0.012575
  -0.026234
  -0.007682
   0.023991
   0.037838
   0.027777
   0.011731
   0.009779
   0.024303
   0.031208
   0.029570
   0.023721
  -0.002726
  -0.020209
  -0.004641
   0.004484
   0.000870
  -0.000008
   0.000489
   0.000346
  -0.017190
  -0.028849
   0.001006
   0.033566
   0.035044
   0.008068
  -0.013914
  -0.003318
   0.027366
   0.039393
   0.038019
   0.033438
   0.004419
  -0.018103
  -0.004096
   0.004412
   0.000984
  -0.000028
   0.000731
   0.001174
  -0.017154
  -0.024471
   0.010063
   0.035300
   0.020448
  -0.013249
  -0.024687
   0.003321
   0.038783
   0.048636
   0.045671
   0.035003
   0.002739
  -0.016517
  -0.002496
   0.004373
   0.001031
  -0.000052
   0.001056
   0.003052
  -0.013042
  -0.018140
   0.012453
   0.026802
   0.003457
  -0.021942
  -0.017522
   0.014071
   0.042854
   0.049807
   0.042781
   0.023699
  -0.006048
  -0.013420
   0.001512
   0.004958
   0.001002
  -0.000069
   0.001411
   0.004352
  -0.008317
  -0.013999
   0.007849
   0.013566
  -0.006952
  -0.017401
  -0.008043
   0.010934
   0.027638
   0.030382
   0.022109
   0.004221
  -0.013289
  -0.010198
   0.003973
   0.004538
   0.000827
  -0.000096
   0.001339
   0.004509
  -0.002008
  -0.008063
   0.002821
   0.005298
  -0.005156
  -0.001721
   0.005250
   0.003897
   0.003091
   0.003657
  -0.000494
  -0.009427
  -0.014496
  -0.006211
   0.004335
   0.002932
   0.000458
  -0.000070
   0.000856
   0.003629
   0.001949
  -0.003493
  -0.000899
   0.002513
   0.004873
   0.014170
   0.015867
   0.001832
  -0.009739
  -0.013119
  -0.012286
  -0.012914
  -0.010844
  -0.002136
   0.003177
   0.001289
   0.000142
  -0.000024
   0.000358
   0.002196
   0.004346
   0.000175
   0.000210
   0.005414
   0.012327
   0.018121
   0.015863
   0.005937
  -0.002996
  -0.007356
  -0.009532
  -0.009507
  -0.005414
   0.000142
   0.001928
   0.000633
   0.000011
  -0.000001
   0.000074
   0.000890
   0.003874
   0.004501
   0.006320
   0.010096
   0.012612
   0.013612
   0.012647
   0.009385
   0.004508
  -0.000176
  -0.002731
  -0.003002
  -0.000899
   0.001015
   0.000846
   0.000302
   0.000077
   0.000000
  -0.000005
   0.000277
   0.002468
   0.005099
   0.007154
   0.008060
   0.007136
   0.006854
   0.007601
   0.007186
   0.005790
   0.003533
   0.001863
   0.001374
   0.001012
   0.000744
   0.000307
   0.000102
   0.000033
  -0.000001
  -0.000003
   0.000036
   0.000891
   0.002985
   0.004743
   0.003987
   0.002005
   0.001881
   0.002512
   0.002617
   0.002599
   0.002611
   0.001945
   0.001344
   0.000774
   0.000212
   0.000031
   0.000015
  -0.000002
   0.000000
  -0.000000
  -0.000012
   0.000073
   0.000618
   0.001329
   0.000924
   0.000194
   0.000063
   0.000071
   0.000083
   0.000201
   0.000428
   0.000246
   0.000148
   0.000112
   0.000030
  -0.000008
  -0.000002
  -0.000000
   0.000000
   0.000000
  -0.000000
  -0.000005
   0.000047
   0.000074
   0.000029
   0.000001
   0.000011
  -0.000005
  -0.000018
  -0.000012
   0.000029
   0.000021
   0.000003
   0.000001
  -0.000000
   0.000000
  -0.000000
   0.000000

Iteration     1 | Cost: 3.456557e-01