grad =

   0.0032156
   0.0000000
   0.0000000
   0.0000000
  -0.0000001
  -0.0000000
   0.0000012
   0.0000014
   0.0000020
   0.0000004
   0.0000033
   0.0000012
  -0.0000006
  -0.0000006
  -0.0000000
   0.0000022
   0.0000011
  -0.0000007
   0.0000000
   0.0000000
   0.0000000
   0.0000000
   0.0000000
  -0.0000001
   0.0000003
  -0.0000018
  -0.0000119
   0.0000111
   0.0000187
   0.0000067
   0.0000140
   0.0000097
   0.0000058
   0.0000010
  -0.0000050
  -0.0000252
  -0.0000138
   0.0000074
  -0.0000011
  -0.0000001
  -0.0000000
   0.0000000
  -0.0000000
  -0.0000011
   0.0000021
   0.0000662
   0.0000982
   0.0000975
   0.0000980
   0.0000882
   0.0000223
  -0.0000370
  -0.0000647
   0.0000771
   0.0002274
   0.0000845
  -0.0000213
   0.0000595
   0.0000096
  -0.0000061
   0.0000005
  -0.0000000
  -0.0000002
   0.0000084
   0.0000169
   0.0000647
   0.0000963
   0.0000875
   0.0001011
   0.0000821
   0.0002435
   0.0001187
   0.0001040
   0.0003562
   0.0003830
   0.0002016
   0.0002273
   0.0000982
   0.0001091
   0.0000517
  -0.0000036
  -0.0000005
  -0.0000003
   0.0000322
   0.0000084
   0.0001864
   0.0002488
   0.0002087
   0.0002423
   0.0002579
   0.0003142
   0.0002950
   0.0006632
   0.0007414
   0.0007829
   0.0007165
   0.0004913
   0.0001210
   0.0001397
   0.0001461
  -0.0000043
   0.0000017
   0.0000272
   0.0000424
   0.0000895
   0.0002980
   0.0003729
   0.0005857
   0.0003943
   0.0003982
   0.0005379
   0.0006704
   0.0011731
   0.0012696
   0.0010750
   0.0010216
   0.0007709
   0.0002407
   0.0000174
   0.0001515
   0.0000023
   0.0000183
   0.0000959
   0.0000951
   0.0002798
   0.0005813
   0.0009015
   0.0008707
   0.0005784
   0.0007191
   0.0009010
   0.0011726
   0.0013276
   0.0013506
   0.0013309
   0.0012984
   0.0011173
   0.0006317
   0.0000710
   0.0001271
   0.0000157
   0.0000144
   0.0000767
   0.0000603
   0.0005253
   0.0009861
   0.0011939
   0.0011176
   0.0009121
   0.0009517
   0.0009075
   0.0013385
   0.0011943
   0.0010815
   0.0011198
   0.0015933
   0.0017306
   0.0010453
   0.0001156
   0.0001268
   0.0000318
   0.0000036
  -0.0000375
   0.0001602
   0.0008692
   0.0013513
   0.0013241
   0.0013049
   0.0008157
   0.0008466
   0.0009949
   0.0012432
   0.0011593
   0.0008590
   0.0010387
   0.0018117
   0.0021781
   0.0014728
   0.0002259
   0.0000768
   0.0000149
   0.0000043
  -0.0000351
   0.0003033
   0.0011982
   0.0017199
   0.0013899
   0.0010902
   0.0008266
   0.0007468
   0.0008759
   0.0012265
   0.0011935
   0.0011466
   0.0013622
   0.0018666
   0.0019155
   0.0013550
   0.0002862
   0.0000750
   0.0000082
  -0.0000144
   0.0001474
   0.0003658
   0.0013997
   0.0018914
   0.0014905
   0.0010527
   0.0007134
   0.0005978
   0.0009006
   0.0012794
   0.0017271
   0.0017733
   0.0016358
   0.0015859
   0.0016237
   0.0011207
   0.0002935
   0.0001316
  -0.0000022
  -0.0000429
   0.0000598
   0.0003070
   0.0013888
   0.0019078
   0.0015241
   0.0012423
   0.0008098
   0.0007774
   0.0011521
   0.0019032
   0.0021544
   0.0019262
   0.0016998
   0.0013336
   0.0013277
   0.0010324
   0.0003890
   0.0001487
   0.0000004
  -0.0000125
   0.0000393
   0.0002611
   0.0010522
   0.0016969
   0.0016758
   0.0013611
   0.0012220
   0.0012716
   0.0015700
   0.0019328
   0.0021254
   0.0019486
   0.0015360
   0.0013348
   0.0011732
   0.0007698
   0.0002222
   0.0000568
   0.0000090
  -0.0000071
   0.0001033
   0.0001730
   0.0005707
   0.0010008
   0.0015350
   0.0015239
   0.0016700
   0.0016985
   0.0016886
   0.0017042
   0.0017571
   0.0016402
   0.0011902
   0.0011628
   0.0010975
   0.0007212
   0.0000534
   0.0000133
   0.0000185
  -0.0000051
   0.0000639
   0.0000182
   0.0001692
   0.0005757
   0.0010984
   0.0013560
   0.0014341
   0.0013709
   0.0011467
   0.0009613
   0.0010490
   0.0010901
   0.0008408
   0.0007795
   0.0006918
   0.0004866
  -0.0000362
   0.0000670
   0.0000077
  -0.0000008
   0.0000226
   0.0000452
   0.0000907
   0.0002924
   0.0004286
   0.0007117
   0.0006570
   0.0005832
   0.0004763
   0.0004148
   0.0005241
   0.0005971
   0.0005350
   0.0005135
   0.0003028
   0.0001945
   0.0000250
   0.0000475
  -0.0000019
   0.0000005
  -0.0000039
   0.0000093
   0.0000747
   0.0001396
   0.0001574
   0.0001381
   0.0001931
   0.0003518
   0.0001743
   0.0002009
   0.0003809
   0.0002511
   0.0002578
   0.0002379
   0.0000925
   0.0000651
   0.0000537
   0.0000282
  -0.0000025
   0.0000003
  -0.0000035
  -0.0000001
  -0.0000345
   0.0000637
   0.0001860
   0.0001782
  -0.0000406
  -0.0000289
   0.0000016
   0.0001649
   0.0001361
   0.0001224
   0.0000856
  -0.0000001
   0.0000009
   0.0000159
   0.0000214
   0.0000056
  -0.0000005
  -0.0000000
   0.0000003
   0.0000004
  -0.0000262
  -0.0000031
   0.0000605
   0.0000756
   0.0000092
  -0.0001086
  -0.0000494
   0.0000144
  -0.0001770
  -0.0000948
  -0.0000510
  -0.0000317
  -0.0000054
  -0.0000034
  -0.0000020
  -0.0000004
   0.0000000
   0.0000000
  -0.0000000
  -0.0000001
   0.0000022
   0.0000038
  -0.0000013
  -0.0000036
   0.0000017
  -0.0000059
  -0.0000185
  -0.0000314
  -0.0000650
  -0.0000465
   0.0000018
  -0.0000073
  -0.0000016
  -0.0000015
  -0.0000004
   0.0000000
   0.0000000

J =  0.058033
